name, batch, osdt_accu, osdt_accu_train, osdt_time_elapsed, best_is_cart, mem_MiB 
pendigits, 1, 0.98399, 0.99009, 301.47, 0, 4788.625000
pendigits, 2, 0.98711, 0.98875, 301.26, 0, 6676.843750
pendigits, 3, 0.98755, 0.98856, 301.34, 0, 6672.234375
pendigits, 4, 0.98666, 0.98894, 301.34, 0, 7161.886719
pendigits, 5, 0.98266, 0.98856, 301.43, 0, 6695.175781
pendigits, 6, 0.98577, 0.98932, 301.37, 0, 6675.160156
pendigits, 7, 0.99333, 0.99256, 301.31, 0, 6642.296875
pendigits, 8, 0.98444, 0.98990, 301.64, 0, 7121.609375
pendigits, 9, 0.98711, 0.98875, 301.41, 0, 6650.945312
pendigits, 10, 0.98577, 0.98932, 301.42, 0, 6693.414062
pendigits, 11, 0.98755, 0.98856, 301.41, 0, 7184.117188
pendigits, 12, 0.98888, 0.99371, 301.41, 0, 6828.136719
pendigits, 13, 0.99155, 0.99333, 302.93, 0, 6598.738281
pendigits, 14, 0.98977, 0.99333, 301.39, 0, 6646.640625
pendigits, 15, 0.98888, 0.98799, 301.40, 0, 6647.453125
pendigits, 16, 0.98933, 0.98780, 303.05, 0, 6636.902344
pendigits, 17, 0.98444, 0.98990, 301.71, 0, 7196.726562
pendigits, 18, 0.98622, 0.98913, 301.46, 0, 6787.757812
pendigits, 19, 0.99066, 0.99371, 301.47, 0, 6672.949219
pendigits, 20, 0.98711, 0.98875, 301.43, 0, 7152.707031
letter, 1, 0.95900, 0.95950, 300.99, 1, 5329.531250
letter, 2, 0.96033, 0.95893, 300.80, 1, 4135.414062
letter, 3, 0.95833, 0.95979, 300.79, 1, 4145.277344
letter, 4, 0.96100, 0.95864, 301.02, 1, 4685.914062
letter, 5, 0.96000, 0.95907, 300.97, 1, 4642.140625
letter, 6, 0.95817, 0.95986, 301.01, 1, 4691.804688
letter, 7, 0.96050, 0.95886, 301.01, 1, 4713.914062
letter, 8, 0.95750, 0.96014, 301.00, 1, 4658.035156
letter, 9, 0.95817, 0.95986, 301.01, 1, 4667.984375
letter, 10, 0.96167, 0.95836, 301.01, 1, 4702.332031
letter, 11, 0.95733, 0.96021, 300.78, 1, 4142.191406
letter, 12, 0.95883, 0.95957, 301.00, 1, 4702.164062
letter, 13, 0.95850, 0.95971, 300.97, 1, 4648.281250
letter, 14, 0.96050, 0.95886, 300.99, 1, 4683.757812
letter, 15, 0.95817, 0.95986, 300.99, 1, 4654.343750
letter, 16, 0.95817, 0.95986, 300.99, 1, 4689.250000
letter, 17, 0.96033, 0.95893, 301.00, 1, 4697.988281
letter, 18, 0.95850, 0.95971, 300.99, 1, 4672.238281
letter, 19, 0.95650, 0.96057, 301.01, 1, 4676.910156
letter, 20, 0.95600, 0.96079, 300.77, 1, 4136.238281
yeast, 1, 0.71076, 0.72254, 300.53, 0, 4095.214844
yeast, 2, 0.73094, 0.72158, 300.54, 0, 4095.125000
yeast, 3, 0.69058, 0.73892, 300.53, 0, 4094.734375
yeast, 4, 0.71076, 0.72832, 300.54, 0, 4094.871094
yeast, 5, 0.69955, 0.71002, 300.53, 0, 4098.074219
yeast, 6, 0.71525, 0.72254, 300.54, 0, 4095.320312
yeast, 7, 0.71973, 0.72640, 300.54, 0, 4097.519531
yeast, 8, 0.67937, 0.74085, 300.63, 0, 4097.039062
yeast, 9, 0.69283, 0.73121, 300.54, 0, 4094.777344
yeast, 10, 0.67937, 0.73603, 300.54, 0, 4097.035156
yeast, 11, 0.69058, 0.73410, 300.54, 0, 4095.894531
yeast, 12, 0.72197, 0.72254, 300.53, 0, 4091.675781
yeast, 13, 0.70179, 0.72832, 300.54, 0, 4093.808594
yeast, 14, 0.66816, 0.74181, 300.53, 0, 4095.410156
yeast, 15, 0.70179, 0.72736, 300.54, 0, 4095.460938
yeast, 16, 0.69731, 0.73410, 300.54, 0, 4085.554688
yeast, 17, 0.71076, 0.72447, 300.53, 0, 4089.421875
yeast, 18, 0.69283, 0.73218, 300.54, 0, 4097.753906
yeast, 19, 0.73094, 0.72062, 300.53, 0, 4093.003906
yeast, 20, 0.69507, 0.73121, 300.54, 0, 4096.949219
splice-1, 1, 0.90282, 0.91894, 300.30, 1, 3504.636719
splice-1, 2, 0.91745, 0.90954, 300.30, 1, 3506.660156
splice-1, 3, 0.90805, 0.91670, 300.29, 1, 3506.304688
splice-1, 4, 0.91432, 0.91088, 300.29, 1, 3509.925781
splice-1, 5, 0.90073, 0.91715, 300.29, 1, 3506.687500
splice-1, 6, 0.92372, 0.90685, 300.29, 1, 3508.761719
splice-1, 7, 0.90805, 0.91357, 300.28, 1, 3504.621094
splice-1, 8, 0.91118, 0.91267, 300.29, 1, 3506.917969
splice-1, 9, 0.90178, 0.91626, 300.29, 1, 3509.804688
splice-1, 10, 0.91745, 0.90999, 300.29, 1, 3508.773438
splice-1, 11, 0.91850, 0.90954, 300.29, 1, 3503.828125
splice-1, 12, 0.92059, 0.91133, 300.29, 1, 3505.257812
splice-1, 13, 0.90909, 0.91357, 300.28, 1, 3507.710938
splice-1, 14, 0.89342, 0.91984, 300.29, 1, 3504.250000
splice-1, 15, 0.92059, 0.90864, 300.29, 1, 3508.273438
splice-1, 16, 0.91118, 0.91536, 300.29, 1, 3506.554688
splice-1, 17, 0.90909, 0.91357, 300.28, 1, 3505.933594
splice-1, 18, 0.89342, 0.91984, 300.28, 1, 3509.371094
splice-1, 19, 0.89760, 0.91805, 300.29, 1, 3509.035156
splice-1, 20, 0.88610, 0.89610, 300.29, 0, 3507.046875
mushroom, 1, 0.99508, 0.99367, 186.50, 0, 4070.921875
mushroom, 2, 0.99508, 0.99367, 195.37, 0, 4120.492188
mushroom, 3, 0.99262, 0.99472, 203.16, 0, 4164.910156
mushroom, 4, 0.99385, 0.99420, 203.94, 0, 4167.890625
mushroom, 5, 0.99385, 0.99420, 202.50, 0, 4160.281250
mushroom, 6, 0.99426, 0.99402, 206.31, 0, 4153.781250
mushroom, 7, 0.99467, 0.99384, 211.46, 0, 4172.796875
mushroom, 8, 0.99508, 0.99367, 236.97, 0, 4350.019531
mushroom, 9, 0.99426, 0.99402, 199.75, 0, 4146.632812
mushroom, 10, 0.99262, 0.99472, 193.66, 0, 4094.125000
mushroom, 11, 0.99057, 0.99560, 108.71, 0, 3576.761719
mushroom, 12, 0.99262, 0.99472, 230.54, 0, 4334.371094
mushroom, 13, 0.99508, 0.99367, 239.91, 0, 4383.378906
mushroom, 14, 0.99426, 0.99402, 203.64, 0, 4164.175781
mushroom, 15, 0.99344, 0.99437, 231.15, 0, 4338.089844
mushroom, 16, 0.99467, 0.99384, 202.31, 0, 4164.289062
mushroom, 17, 0.99508, 0.99367, 207.96, 0, 4157.351562
mushroom, 18, 0.99549, 0.99349, 202.21, 0, 4162.519531
mushroom, 19, 0.99180, 0.99508, 119.05, 0, 3604.132812
mushroom, 20, 0.99221, 0.99490, 211.31, 0, 4182.375000
zoo-1, 1, 1.00000, 1.00000, 0.31, 1, 3268.644531
zoo-1, 2, 1.00000, 1.00000, 0.30, 1, 3267.144531
zoo-1, 3, 1.00000, 1.00000, 0.29, 1, 3266.144531
zoo-1, 4, 1.00000, 1.00000, 0.30, 1, 3265.644531
zoo-1, 5, 1.00000, 1.00000, 0.31, 1, 3265.644531
zoo-1, 6, 1.00000, 1.00000, 0.29, 1, 3265.644531
zoo-1, 7, 1.00000, 1.00000, 0.29, 1, 3265.144531
zoo-1, 8, 1.00000, 1.00000, 0.29, 1, 3265.144531
zoo-1, 9, 1.00000, 1.00000, 0.29, 1, 3265.144531
zoo-1, 10, 1.00000, 1.00000, 0.30, 1, 3264.894531
zoo-1, 11, 1.00000, 1.00000, 0.30, 1, 3264.894531
zoo-1, 12, 1.00000, 1.00000, 0.29, 1, 3264.644531
zoo-1, 13, 1.00000, 1.00000, 0.29, 1, 3264.644531
zoo-1, 14, 1.00000, 1.00000, 0.30, 1, 3264.644531
zoo-1, 15, 1.00000, 1.00000, 0.30, 1, 3264.644531
zoo-1, 16, 1.00000, 1.00000, 0.30, 1, 3264.644531
zoo-1, 17, 1.00000, 1.00000, 0.29, 1, 3264.644531
zoo-1, 18, 0.90323, 1.00000, 0.31, 1, 3264.644531
zoo-1, 19, 1.00000, 1.00000, 0.29, 1, 3264.644531
zoo-1, 20, 1.00000, 1.00000, 0.29, 1, 3264.644531
diabetes, 1, 0.76190, 0.77095, 300.44, 0, 3908.878906
diabetes, 2, 0.77489, 0.77654, 300.44, 0, 3908.917969
diabetes, 3, 0.76623, 0.77095, 300.43, 0, 3907.488281
diabetes, 4, 0.75758, 0.77654, 300.43, 0, 3904.210938
diabetes, 5, 0.71429, 0.78026, 300.43, 0, 3910.093750
diabetes, 6, 0.81385, 0.75978, 300.43, 0, 3907.054688
diabetes, 7, 0.73593, 0.78771, 300.43, 0, 3905.050781
diabetes, 8, 0.71861, 0.78585, 300.48, 0, 4033.667969
diabetes, 9, 0.77489, 0.76350, 300.43, 0, 3910.050781
diabetes, 10, 0.74892, 0.78585, 300.43, 0, 3911.937500
diabetes, 11, 0.74026, 0.78026, 300.43, 0, 3905.914062
diabetes, 12, 0.73593, 0.78399, 300.44, 1, 3909.347656
diabetes, 13, 0.77922, 0.77467, 300.43, 0, 3907.128906
diabetes, 14, 0.77489, 0.77467, 300.43, 0, 3906.031250
diabetes, 15, 0.74459, 0.78771, 300.47, 0, 4032.738281
diabetes, 16, 0.72727, 0.79143, 300.44, 0, 3911.804688
diabetes, 17, 0.77922, 0.76536, 300.44, 0, 3910.152344
diabetes, 18, 0.74459, 0.79516, 300.44, 1, 3906.441406
diabetes, 19, 0.77056, 0.76350, 300.44, 0, 3910.398438
diabetes, 20, 0.73160, 0.78957, 300.44, 0, 3910.496094
segment, 1, 0.98268, 0.99443, 4.31, 1, 3227.308594
segment, 2, 0.99711, 0.99753, 4.99, 1, 3224.289062
segment, 3, 0.99567, 0.99876, 4.70, 1, 3221.296875
segment, 4, 0.99856, 0.99753, 5.02, 1, 3220.296875
segment, 5, 0.99423, 0.99938, 4.41, 1, 3195.546875
segment, 6, 0.98701, 0.99258, 4.87, 0, 3192.800781
segment, 7, 0.99567, 0.99876, 4.73, 1, 3191.050781
segment, 8, 0.99856, 0.99567, 5.21, 1, 3180.300781
segment, 9, 0.99567, 0.99876, 4.55, 1, 3175.300781
segment, 10, 0.99711, 0.99814, 4.74, 1, 3174.054688
segment, 11, 0.99856, 0.99753, 4.73, 1, 3172.804688
segment, 12, 0.99423, 0.99876, 4.75, 1, 3171.054688
segment, 13, 0.99856, 0.99753, 4.85, 1, 3169.304688
segment, 14, 0.99423, 0.99876, 4.71, 1, 3169.054688
segment, 15, 0.99278, 0.99814, 5.01, 1, 3168.054688
segment, 16, 0.99856, 0.99753, 4.95, 1, 3162.304688
segment, 17, 0.99711, 0.99753, 4.83, 1, 3162.468750
segment, 18, 0.99278, 0.99876, 4.88, 1, 3161.929688
segment, 19, 0.99711, 0.99753, 4.98, 1, 3162.332031
segment, 20, 0.99856, 0.99753, 4.82, 1, 3162.308594
vote, 1, 0.95420, 0.97039, 300.65, 0, 6549.250000
vote, 2, 0.98473, 0.94408, 300.50, 0, 4508.917969
vote, 3, 0.96947, 0.96382, 300.50, 0, 4548.753906
vote, 4, 0.97710, 0.95395, 300.64, 0, 5202.980469
vote, 5, 0.96947, 0.96382, 300.65, 0, 6545.644531
vote, 6, 0.94656, 0.96053, 300.56, 0, 4855.910156
vote, 7, 0.92366, 0.97368, 300.65, 1, 6528.269531
vote, 8, 0.94656, 0.96711, 300.58, 0, 4973.738281
vote, 9, 0.88550, 0.97697, 300.53, 0, 4719.738281
vote, 10, 0.94656, 0.97039, 300.53, 1, 4726.085938
vote, 11, 0.95420, 0.97039, 300.55, 0, 4803.886719
vote, 12, 0.96183, 0.95395, 300.52, 0, 4609.710938
vote, 13, 0.95420, 0.95724, 300.59, 0, 5022.015625
vote, 14, 0.93130, 0.96711, 300.50, 0, 4569.839844
vote, 15, 0.93893, 0.97039, 300.57, 0, 4891.753906
vote, 16, 0.94656, 0.97368, 300.63, 0, 5217.246094
vote, 17, 0.93893, 0.96382, 300.65, 0, 6550.820312
vote, 18, 0.93893, 0.96382, 300.64, 0, 5221.945312
vote, 19, 0.94656, 0.97039, 300.65, 1, 6532.117188
vote, 20, 0.94656, 0.97039, 300.55, 0, 4831.250000
kr-vs-kp, 1, 0.89990, 0.90612, 300.62, 1, 4667.578125
kr-vs-kp, 2, 0.90511, 0.90389, 300.53, 1, 4292.910156
kr-vs-kp, 3, 0.89364, 0.90881, 300.62, 0, 4623.519531
kr-vs-kp, 4, 0.89572, 0.90791, 300.50, 1, 4176.292969
kr-vs-kp, 5, 0.91241, 0.90076, 300.62, 0, 4664.617188
kr-vs-kp, 6, 0.91137, 0.90121, 300.57, 1, 4207.808594
kr-vs-kp, 7, 0.89677, 0.90747, 300.56, 1, 4396.722656
kr-vs-kp, 8, 0.90719, 0.90300, 300.52, 0, 4211.347656
kr-vs-kp, 9, 0.90407, 0.90434, 300.62, 0, 4553.378906
kr-vs-kp, 10, 0.90302, 0.90478, 300.59, 0, 4429.488281
kr-vs-kp, 11, 0.89572, 0.90791, 300.59, 1, 4440.945312
kr-vs-kp, 12, 0.90719, 0.90300, 300.54, 1, 4294.894531
kr-vs-kp, 13, 0.91345, 0.90031, 300.58, 0, 4451.808594
kr-vs-kp, 14, 0.89364, 0.90881, 300.65, 0, 4677.585938
kr-vs-kp, 15, 0.91137, 0.90121, 300.63, 1, 4573.429688
kr-vs-kp, 16, 0.89781, 0.90702, 300.54, 0, 4222.035156
kr-vs-kp, 17, 0.90302, 0.90478, 300.62, 0, 4575.308594
kr-vs-kp, 18, 0.89885, 0.90657, 300.55, 0, 4240.515625
kr-vs-kp, 19, 0.89885, 0.90657, 300.59, 0, 4423.957031
kr-vs-kp, 20, 0.90511, 0.90389, 300.60, 1, 4496.308594
lymph, 1, 0.80000, 0.90291, 300.56, 0, 4248.812500
lymph, 2, 0.73333, 0.91262, 300.62, 1, 4514.953125
lymph, 3, 0.82222, 0.90291, 300.56, 0, 4254.031250
lymph, 4, 0.77778, 0.90291, 300.64, 1, 4559.804688
lymph, 5, 0.88889, 0.86408, 300.56, 0, 4218.812500
lymph, 6, 0.73333, 0.92233, 300.57, 0, 4335.308594
lymph, 7, 0.73333, 0.90291, 300.66, 0, 4757.726562
lymph, 8, 0.80000, 0.90291, 300.66, 0, 4744.093750
lymph, 9, 0.80000, 0.91262, 300.60, 1, 4502.128906
lymph, 10, 0.71111, 0.92233, 300.67, 1, 4788.589844
lymph, 11, 0.84444, 0.88350, 300.58, 0, 4400.804688
lymph, 12, 0.84444, 0.91262, 300.56, 0, 4215.878906
lymph, 13, 0.77778, 0.92233, 300.64, 0, 4719.832031
lymph, 14, 0.80000, 0.91262, 300.55, 0, 4230.570312
lymph, 15, 0.75556, 0.89320, 300.61, 0, 4457.906250
lymph, 16, 0.75556, 0.88350, 300.68, 0, 4828.417969
lymph, 17, 0.82222, 0.90291, 300.56, 0, 4245.304688
lymph, 18, 0.77778, 0.92233, 300.56, 1, 4247.308594
lymph, 19, 0.68889, 0.96117, 300.54, 1, 4232.058594
lymph, 20, 0.82222, 0.90291, 300.64, 0, 4692.472656
ionosphere, 1, 0.88679, 0.91837, 301.09, 0, 6627.882812
ionosphere, 2, 0.88679, 0.92653, 301.04, 0, 6632.664062
ionosphere, 3, 0.90566, 0.91020, 301.02, 0, 6649.421875
ionosphere, 4, 0.86792, 0.93469, 300.36, 0, 3423.828125
ionosphere, 5, 0.92453, 0.91020, 300.29, 0, 3403.832031
ionosphere, 6, 0.93396, 0.90204, 300.99, 1, 6629.046875
ionosphere, 7, 0.85849, 0.93061, 301.01, 0, 6654.734375
ionosphere, 8, 0.92453, 0.91020, 300.30, 0, 3403.277344
ionosphere, 9, 0.90566, 0.91020, 301.03, 0, 6651.304688
ionosphere, 10, 0.88679, 0.91837, 301.04, 0, 6628.292969
ionosphere, 11, 0.80189, 0.91837, 301.04, 0, 6636.988281
ionosphere, 12, 0.91509, 0.91429, 301.05, 0, 6628.136719
ionosphere, 13, 0.89623, 0.92245, 301.02, 0, 6648.757812
ionosphere, 14, 0.89623, 0.92245, 301.03, 0, 6638.835938
ionosphere, 15, 0.87736, 0.93061, 300.31, 0, 3406.582031
ionosphere, 16, 0.88679, 0.91837, 301.04, 0, 6650.265625
ionosphere, 17, 0.91509, 0.92245, 301.03, 0, 6636.566406
ionosphere, 18, 0.85849, 0.94286, 301.04, 1, 6624.171875
ionosphere, 19, 0.87736, 0.92245, 301.03, 0, 6638.691406
ionosphere, 20, 0.91509, 0.91020, 301.04, 0, 6637.863281
soybean, 1, 0.89418, 0.93424, 300.51, 0, 4429.210938
soybean, 2, 0.90476, 0.93424, 300.53, 0, 4506.531250
soybean, 3, 0.91534, 0.92744, 300.63, 0, 4969.371094
soybean, 4, 0.91005, 0.92744, 300.52, 0, 4508.429688
soybean, 5, 0.89418, 0.93197, 300.62, 0, 4953.917969
soybean, 6, 0.93651, 0.92063, 300.55, 0, 4638.484375
soybean, 7, 0.94709, 0.91610, 300.56, 0, 4700.082031
soybean, 8, 0.92593, 0.92517, 300.55, 0, 4676.074219
soybean, 9, 0.87831, 0.94558, 300.56, 0, 4729.171875
soybean, 10, 0.95238, 0.91383, 300.51, 0, 4484.832031
soybean, 11, 0.87831, 0.93424, 300.68, 1, 5229.410156
soybean, 12, 0.92063, 0.94785, 300.55, 0, 4702.222656
soybean, 13, 0.92593, 0.92517, 300.67, 0, 5196.285156
soybean, 14, 0.94709, 0.94104, 300.52, 0, 4521.785156
soybean, 15, 0.94180, 0.91837, 300.52, 0, 4492.558594
soybean, 16, 0.92593, 0.91837, 300.67, 0, 5222.308594
soybean, 17, 0.94180, 0.91837, 300.52, 0, 4508.253906
soybean, 18, 0.92593, 0.92517, 300.68, 1, 5235.515625
soybean, 19, 0.91534, 0.92971, 300.55, 0, 4687.746094
soybean, 20, 0.92593, 0.92517, 300.55, 0, 4684.929688
hypothyroid, 1, 0.98154, 0.97711, 300.92, 0, 6778.152344
hypothyroid, 2, 0.97846, 0.97843, 300.93, 0, 6889.281250
hypothyroid, 3, 0.97538, 0.97975, 165.05, 1, 4330.898438
hypothyroid, 4, 0.97744, 0.97887, 300.90, 1, 6805.738281
hypothyroid, 5, 0.98154, 0.97711, 300.91, 0, 6807.187500
hypothyroid, 6, 0.97641, 0.97931, 300.89, 0, 6822.847656
hypothyroid, 7, 0.97641, 0.97931, 300.90, 0, 6839.671875
hypothyroid, 8, 0.97846, 0.97843, 300.91, 0, 6908.398438
hypothyroid, 9, 0.97744, 0.97887, 300.90, 1, 6856.226562
hypothyroid, 10, 0.98154, 0.97711, 300.89, 0, 6801.882812
hypothyroid, 11, 0.97436, 0.98019, 88.53, 1, 3726.082031
hypothyroid, 12, 0.97436, 0.98019, 81.66, 1, 3689.832031
hypothyroid, 13, 0.98154, 0.97711, 300.90, 0, 6799.582031
hypothyroid, 14, 0.98564, 0.97535, 300.88, 1, 6737.027344
hypothyroid, 15, 0.98051, 0.97755, 300.88, 1, 6714.988281
hypothyroid, 16, 0.97949, 0.97799, 300.88, 1, 6759.921875
hypothyroid, 17, 0.97744, 0.97887, 300.91, 1, 6827.468750
hypothyroid, 18, 0.98462, 0.97579, 300.89, 0, 6794.488281
hypothyroid, 19, 0.97333, 0.98063, 93.79, 0, 3743.082031
hypothyroid, 20, 0.97846, 0.97843, 300.91, 0, 6785.445312
vehicle, 1, 0.90157, 0.92230, 300.36, 0, 3577.597656
vehicle, 2, 0.88583, 0.92568, 300.35, 0, 3575.238281
vehicle, 3, 0.90945, 0.93412, 300.34, 1, 3570.074219
vehicle, 4, 0.90551, 0.93412, 300.34, 1, 3571.867188
vehicle, 5, 0.90551, 0.92905, 300.34, 0, 3573.281250
vehicle, 6, 0.86614, 0.93243, 300.35, 0, 3580.332031
vehicle, 7, 0.91339, 0.92568, 300.36, 0, 3585.191406
vehicle, 8, 0.92126, 0.93581, 300.35, 1, 3575.035156
vehicle, 9, 0.87402, 0.92230, 300.34, 1, 3574.574219
vehicle, 10, 0.93701, 0.91554, 300.34, 0, 3576.816406
vehicle, 11, 0.92520, 0.95101, 301.00, 0, 6566.222656
vehicle, 12, 0.94094, 0.91385, 300.35, 0, 3571.187500
vehicle, 13, 0.88976, 0.93581, 300.35, 0, 3575.070312
vehicle, 14, 0.90157, 0.94257, 300.35, 1, 3578.425781
vehicle, 15, 0.95669, 0.93750, 301.00, 0, 6571.285156
vehicle, 16, 0.90157, 0.93074, 300.35, 0, 3574.601562
vehicle, 17, 0.92520, 0.92061, 300.35, 0, 3576.722656
vehicle, 18, 0.90945, 0.92736, 300.35, 0, 3574.484375
vehicle, 19, 0.87795, 0.92736, 300.34, 0, 3572.621094
vehicle, 20, 0.89370, 0.93412, 300.35, 0, 3576.695312
primary-tumor, 1, 0.86139, 0.85106, 300.48, 0, 4467.023438
primary-tumor, 2, 0.90099, 0.83404, 300.48, 0, 4469.910156
primary-tumor, 3, 0.77228, 0.86809, 300.47, 1, 4460.675781
primary-tumor, 4, 0.88119, 0.84255, 300.48, 0, 4478.109375
primary-tumor, 5, 0.85149, 0.85532, 300.48, 0, 4512.117188
primary-tumor, 6, 0.83168, 0.86383, 300.58, 0, 4916.453125
primary-tumor, 7, 0.89109, 0.85106, 300.48, 0, 4514.593750
primary-tumor, 8, 0.84158, 0.85957, 300.48, 0, 4485.914062
primary-tumor, 9, 0.82178, 0.86809, 300.51, 0, 4614.640625
primary-tumor, 10, 0.85149, 0.85532, 300.47, 0, 4466.628906
primary-tumor, 11, 0.82178, 0.86809, 300.55, 0, 4824.015625
primary-tumor, 12, 0.76238, 0.85532, 300.47, 0, 4461.484375
primary-tumor, 13, 0.89109, 0.83830, 300.48, 0, 4485.847656
primary-tumor, 14, 0.82178, 0.86809, 300.50, 0, 4569.457031
primary-tumor, 15, 0.83168, 0.86383, 300.49, 0, 4543.644531
primary-tumor, 16, 0.81188, 0.83404, 300.50, 0, 4587.679688
primary-tumor, 17, 0.84158, 0.85957, 300.53, 0, 4739.335938
primary-tumor, 18, 0.82178, 0.86809, 300.47, 0, 4469.289062
primary-tumor, 19, 0.82178, 0.88085, 300.48, 0, 4516.359375
primary-tumor, 20, 0.79208, 0.88085, 300.52, 0, 4651.187500
australian-credit, 1, 0.84694, 0.88403, 300.46, 0, 3880.003906
australian-credit, 2, 0.85204, 0.86871, 300.46, 0, 3871.750000
australian-credit, 3, 0.86224, 0.86433, 300.46, 0, 3877.097656
australian-credit, 4, 0.86735, 0.87309, 300.46, 0, 3872.894531
australian-credit, 5, 0.85204, 0.86652, 300.45, 0, 3872.179688
australian-credit, 6, 0.84694, 0.88184, 300.46, 0, 3880.304688
australian-credit, 7, 0.82143, 0.87965, 300.46, 0, 3878.468750
australian-credit, 8, 0.83673, 0.88621, 300.45, 0, 3874.832031
australian-credit, 9, 0.85204, 0.87090, 300.46, 0, 3878.230469
australian-credit, 10, 0.86224, 0.86871, 300.46, 0, 3875.250000
australian-credit, 11, 0.85204, 0.88403, 300.46, 0, 3874.820312
australian-credit, 12, 0.83163, 0.87746, 300.45, 0, 3872.007812
australian-credit, 13, 0.86735, 0.87309, 300.46, 0, 3872.921875
australian-credit, 14, 0.85204, 0.87309, 300.45, 0, 3873.070312
australian-credit, 15, 0.88265, 0.85558, 300.46, 0, 3876.886719
australian-credit, 16, 0.83163, 0.87965, 300.46, 0, 3875.167969
australian-credit, 17, 0.82143, 0.87965, 300.45, 0, 3868.363281
australian-credit, 18, 0.83163, 0.88403, 300.45, 0, 3873.753906
australian-credit, 19, 0.88265, 0.86652, 300.46, 0, 3871.769531
australian-credit, 20, 0.83163, 0.88621, 300.45, 0, 3873.886719
anneal, 1, 0.87705, 0.83275, 300.71, 0, 4240.984375
anneal, 2, 0.84836, 0.83451, 300.69, 0, 4197.851562
anneal, 3, 0.82787, 0.84507, 300.71, 0, 4245.667969
anneal, 4, 0.84836, 0.83627, 300.70, 0, 4205.824219
anneal, 5, 0.87295, 0.83275, 300.73, 0, 4240.457031
anneal, 6, 0.81967, 0.84683, 300.69, 0, 4187.800781
anneal, 7, 0.83607, 0.85035, 300.71, 0, 4232.675781
anneal, 8, 0.83197, 0.85035, 300.72, 0, 4239.996094
anneal, 9, 0.81557, 0.84859, 300.73, 0, 4236.269531
anneal, 10, 0.83197, 0.84331, 300.71, 0, 4211.312500
anneal, 11, 0.82377, 0.85563, 300.70, 0, 4235.289062
anneal, 12, 0.85246, 0.83451, 300.71, 0, 4238.042969
anneal, 13, 0.81967, 0.84859, 300.71, 0, 4189.121094
anneal, 14, 0.84426, 0.84331, 300.72, 0, 4237.082031
anneal, 15, 0.82377, 0.85563, 300.72, 0, 4215.722656
anneal, 16, 0.84016, 0.84859, 300.72, 0, 4241.562500
anneal, 17, 0.82377, 0.84683, 300.72, 0, 4220.988281
anneal, 18, 0.81557, 0.85739, 300.70, 0, 4220.675781
anneal, 19, 0.85656, 0.84155, 300.71, 0, 4231.863281
anneal, 20, 0.81967, 0.84683, 300.71, 1, 4229.851562
hepatitis, 1, 0.83333, 0.92632, 300.57, 0, 4208.738281
hepatitis, 2, 0.83333, 0.91579, 300.63, 0, 4439.476562
hepatitis, 3, 0.80952, 0.92632, 300.58, 0, 4224.320312
hepatitis, 4, 0.78571, 0.93684, 300.56, 0, 4215.785156
hepatitis, 5, 0.83333, 0.92632, 300.61, 1, 4312.015625
hepatitis, 6, 0.80952, 0.91579, 300.58, 0, 4218.152344
hepatitis, 7, 0.78571, 0.90526, 300.59, 0, 4213.304688
hepatitis, 8, 0.83333, 0.92632, 300.61, 0, 4393.859375
hepatitis, 9, 0.78571, 0.91579, 300.59, 0, 4224.179688
hepatitis, 10, 0.80952, 0.90526, 300.58, 0, 4214.812500
hepatitis, 11, 0.76190, 0.92632, 300.58, 0, 4216.902344
hepatitis, 12, 0.80952, 0.89474, 300.62, 0, 4321.070312
hepatitis, 13, 0.78571, 0.89474, 300.59, 0, 4216.917969
hepatitis, 14, 0.83333, 0.89474, 300.58, 1, 4213.292969
hepatitis, 15, 0.71429, 0.93684, 300.60, 1, 4273.750000
hepatitis, 16, 0.80952, 0.91579, 300.59, 0, 4216.894531
hepatitis, 17, 0.73810, 0.92632, 300.60, 0, 4281.136719
hepatitis, 18, 0.83333, 0.91579, 300.58, 0, 4219.730469
hepatitis, 19, 0.83333, 0.91579, 300.59, 0, 4220.550781
hepatitis, 20, 0.76190, 0.92632, 300.58, 0, 4278.460938
audiology, 1, 0.95385, 0.96689, 301.11, 1, 4488.871094
audiology, 2, 0.96923, 0.97351, 301.10, 0, 4458.726562
audiology, 3, 0.95385, 0.98013, 301.20, 1, 4599.890625
audiology, 4, 0.93846, 0.96689, 301.37, 1, 5497.761719
audiology, 5, 0.95385, 0.97351, 301.16, 0, 4508.414062
audiology, 6, 0.92308, 0.98013, 301.25, 1, 4633.355469
audiology, 7, 0.93846, 0.96689, 301.13, 1, 4474.386719
audiology, 8, 0.89231, 0.98013, 301.16, 1, 4516.203125
audiology, 9, 0.93846, 0.98013, 301.20, 0, 4516.367188
audiology, 10, 0.92308, 0.97351, 301.17, 0, 4549.093750
audiology, 11, 0.96923, 0.97351, 301.18, 0, 4560.613281
audiology, 12, 0.93846, 0.98013, 301.19, 0, 4555.757812
audiology, 13, 0.95385, 0.98013, 301.22, 1, 5272.917969
audiology, 14, 0.93846, 0.98675, 301.51, 1, 5703.480469
audiology, 15, 0.95385, 0.97351, 301.33, 0, 5346.664062
audiology, 16, 0.90769, 1.00000, 63.21, 1, 3747.589844
audiology, 17, 0.92308, 0.97351, 301.13, 0, 4471.003906
audiology, 18, 0.90769, 0.98675, 301.46, 1, 5572.964844
audiology, 19, 0.90769, 0.98013, 301.30, 1, 5342.289062
audiology, 20, 0.89231, 0.98675, 301.48, 1, 5624.593750
heart-cleveland, 1, 0.78652, 0.83575, 300.50, 0, 4007.953125
heart-cleveland, 2, 0.78652, 0.85507, 300.50, 1, 4007.746094
heart-cleveland, 3, 0.78652, 0.85507, 300.50, 1, 4003.601562
heart-cleveland, 4, 0.82022, 0.85507, 300.50, 1, 4001.562500
heart-cleveland, 5, 0.76404, 0.88406, 300.52, 1, 4071.433594
heart-cleveland, 6, 0.83146, 0.85024, 300.49, 1, 4008.796875
heart-cleveland, 7, 0.75281, 0.85990, 300.50, 1, 4007.820312
heart-cleveland, 8, 0.85393, 0.85507, 300.52, 1, 4080.714844
heart-cleveland, 9, 0.77528, 0.87440, 300.51, 1, 4065.800781
heart-cleveland, 10, 0.83146, 0.86473, 300.51, 1, 4077.566406
heart-cleveland, 11, 0.77528, 0.85990, 300.52, 1, 4074.535156
heart-cleveland, 12, 0.76404, 0.87923, 300.51, 1, 4067.820312
heart-cleveland, 13, 0.82022, 0.86957, 300.52, 1, 4068.546875
heart-cleveland, 14, 0.80899, 0.86473, 300.52, 1, 4073.085938
heart-cleveland, 15, 0.79775, 0.83092, 300.51, 1, 4012.121094
heart-cleveland, 16, 0.77528, 0.86473, 300.50, 1, 4007.269531
heart-cleveland, 17, 0.77528, 0.86473, 300.50, 1, 4008.976562
heart-cleveland, 18, 0.84270, 0.85507, 300.52, 1, 4022.046875
heart-cleveland, 19, 0.79775, 0.83575, 300.50, 0, 4016.539062
heart-cleveland, 20, 0.82022, 0.85990, 300.51, 1, 4016.964844
tic-tac-toe, 1, 0.74653, 0.78657, 300.48, 0, 5162.105469
tic-tac-toe, 2, 0.72222, 0.77463, 300.48, 0, 5172.070312
tic-tac-toe, 3, 0.72917, 0.76567, 300.49, 0, 5169.671875
tic-tac-toe, 4, 0.69097, 0.78806, 300.48, 0, 5166.761719
tic-tac-toe, 5, 0.73958, 0.76716, 300.48, 0, 5165.546875
tic-tac-toe, 6, 0.74306, 0.76567, 300.48, 0, 5152.656250
tic-tac-toe, 7, 0.72222, 0.77463, 300.48, 0, 5161.804688
tic-tac-toe, 8, 0.75000, 0.76269, 300.48, 0, 5170.484375
tic-tac-toe, 9, 0.73611, 0.76866, 300.49, 0, 5166.054688
tic-tac-toe, 10, 0.74653, 0.76418, 300.48, 0, 5160.375000
tic-tac-toe, 11, 0.72569, 0.77313, 300.48, 0, 5165.046875
tic-tac-toe, 12, 0.75694, 0.75970, 300.49, 0, 5171.000000
tic-tac-toe, 13, 0.72917, 0.77164, 300.48, 0, 5169.585938
tic-tac-toe, 14, 0.72569, 0.79552, 300.48, 0, 5176.210938
tic-tac-toe, 15, 0.73264, 0.77015, 300.48, 0, 5158.929688
tic-tac-toe, 16, 0.70139, 0.77612, 300.48, 0, 5157.828125
tic-tac-toe, 17, 0.76736, 0.75522, 300.48, 0, 5166.507812
tic-tac-toe, 18, 0.76389, 0.75672, 300.48, 0, 5174.656250
tic-tac-toe, 19, 0.73611, 0.78209, 300.48, 0, 5165.218750
tic-tac-toe, 20, 0.73958, 0.76716, 300.48, 0, 5162.046875
breast-wisconsin, 1, 0.93659, 0.97908, 301.04, 0, 5506.515625
breast-wisconsin, 2, 0.95122, 0.97908, 300.83, 0, 5137.996094
breast-wisconsin, 3, 0.95610, 0.97071, 300.63, 0, 4154.625000
breast-wisconsin, 4, 0.93659, 0.97908, 300.84, 0, 5193.281250
breast-wisconsin, 5, 0.96098, 0.97908, 300.68, 0, 4236.222656
breast-wisconsin, 6, 0.94146, 0.97699, 300.84, 1, 5105.859375
breast-wisconsin, 7, 0.94634, 0.96862, 300.66, 0, 4183.667969
breast-wisconsin, 8, 0.96585, 0.97699, 300.84, 0, 5149.687500
breast-wisconsin, 9, 0.97073, 0.97490, 300.68, 0, 4188.847656
breast-wisconsin, 10, 0.96098, 0.97490, 300.69, 0, 4225.531250
breast-wisconsin, 11, 0.94146, 0.97071, 300.73, 0, 4970.332031
breast-wisconsin, 12, 0.92683, 0.97908, 300.79, 0, 5056.253906
breast-wisconsin, 13, 0.94634, 0.97490, 300.75, 0, 4278.578125
breast-wisconsin, 14, 0.98537, 0.96862, 300.69, 0, 4929.808594
breast-wisconsin, 15, 0.97561, 0.96234, 300.66, 0, 4147.414062
breast-wisconsin, 16, 0.95122, 0.96653, 300.74, 0, 4992.472656
breast-wisconsin, 17, 0.95122, 0.97071, 300.69, 0, 4188.105469
breast-wisconsin, 18, 0.97561, 0.97280, 300.68, 0, 4205.636719
breast-wisconsin, 19, 0.95122, 0.97280, 300.96, 0, 5172.972656
breast-wisconsin, 20, 0.96098, 0.96653, 300.71, 0, 4951.808594
german-credit, 1, 0.72333, 0.76000, 300.48, 1, 3916.683594
german-credit, 2, 0.71667, 0.76000, 300.47, 1, 3913.828125
german-credit, 3, 0.71000, 0.75429, 300.48, 0, 3924.097656
german-credit, 4, 0.75000, 0.74857, 300.47, 0, 3916.703125
german-credit, 5, 0.72000, 0.75143, 300.47, 0, 3914.496094
german-credit, 6, 0.71000, 0.76714, 300.48, 0, 3922.171875
german-credit, 7, 0.74667, 0.75000, 300.47, 0, 3912.914062
german-credit, 8, 0.76333, 0.74286, 300.48, 0, 3915.687500
german-credit, 9, 0.71667, 0.74286, 300.49, 0, 3925.113281
german-credit, 10, 0.71667, 0.75429, 300.48, 0, 3919.847656
german-credit, 11, 0.71000, 0.76571, 300.47, 0, 3917.402344
german-credit, 12, 0.74667, 0.75000, 300.47, 0, 3920.000000
german-credit, 13, 0.70333, 0.74571, 300.48, 0, 3918.953125
german-credit, 14, 0.73000, 0.75000, 300.48, 0, 3916.453125
german-credit, 15, 0.75000, 0.75000, 300.48, 0, 3921.355469
german-credit, 16, 0.72000, 0.76143, 300.48, 0, 3921.210938
german-credit, 17, 0.70667, 0.75714, 300.48, 0, 3921.406250
german-credit, 18, 0.70333, 0.76429, 300.47, 0, 3921.988281
german-credit, 19, 0.71333, 0.75000, 300.47, 0, 3915.625000
german-credit, 20, 0.73333, 0.75571, 300.47, 0, 3920.585938
